21.32
20.4
19.82
19.48
19.25
19.07
19.61
21.67
24.28
26.84
28.92
30.49
31.65
32.53
33.04
33.13
32.38
29.24
25.89
24.89
25.39
26.02
25.68
25.35
25.07
24.48
63.69
22.92
21.85
21.4
20.49
22.57
25.62
27.89
29.52
30.89
31.82
32.61
33.08
31.37
28.56
28.2
25.51
24.72
24.77
25.12
24.49
25.6
25.28
24.13
23.53
22.96
22.68
22.47
22.92
24.23
25.55
27.1
28.54
29.78
30.68
30.7
29.83
28.99
28.29
27.15
24.94
23.03
22.32
22.43
22.76
22.46
22.6
23.11
23.22
22.88
22.26
21.82
21.88
23.5
25.52
27.53
29.25
31.01
32.44
33.65
34.04
31.16
28.41
27.65
25.69
24.2
24.67
24.71
24.15
23.3
22.81
22.56
22.68
23.22
22.99
21.91
22.6
23.85
25.51
2.3
28.99
30.43
31.37
31.73
31.23
30
28.74d
27.61
25.45
23.51
22.96
23.28
23.46
23.15
23.14
23.31
23.36
23.98
23.8
23.64
23.31
24.3
25.87
27.58
29.09
30.5
31.37
31.69
30.88
29.32
28.27
27.32
25.17
23.8
23.7
23.88
23.67
23.39
24.13
24.3
23.76
23.43
22.94
23.27
21.59
23.9
26.16
28.1
30.07
32.31
34.15
35.02
34.62
31.74
30.18
30.65
29.59
27.73
26.28
23.71
23.5
23.22
22.49
21.93
21.78
21.58
20.93
20.51
19.96
23.06
25.88
28.51
30.53
32.18
33.22
33.88
34.03
33.96
33.06
31.32
28.79
25.67
24.03
23.36
22.74
22.19
21.64
21
20.61
20.43
20.21
20.18
19.72
22.77
25.76
28.2
30.24
31.94
33.4
34.21
34.75
34.85
34.39
32.99
29.93
27.18
24.67
24.01
23.31
22.46
21.63
20.87
20.31
19.9
19.58
19.37
19.74
22.65
25.49
28.05
30.46
32.32
33.45
34.4
35.02
35.19
34.79
32.5
29.99
29.32
28.54
25.7
24.17
23.19
22.35
21.64
21.02
20.75
20.65
20.59
21.18
23.28
26.02
28.25
30.06
31.65
32.83
33.77
34.36
34.58
34.25
31.72
26.97
24.93
24.42
24.36
25.06
25.26
24.91
23.99
23.04
22.87
22.55
21.95
21.78
23.83
26.08
28.1
30.17
32.01
33.24
34.11
34.71
34.27
31.23
29.12
26.92
25.17
25.36
26.03
25.92
25.35
24.68
23.8
23.01
22.42
21.97
21.57
21.78
23.81
26.53
28.69
30.56
32.17
33.33
34.46
35
35.18
34.85
33.36
29.8
27.15
27.71
28.17
26.99
25.48
24.14
22.69
21.96
21.84
21.82
21.76
21.7
24
26.71
28.96
30.89
32.47
33.68
34.69
35.25
35.29
34.89
34.06
31
27.26
28.46
28.78
27.79
26.32
25.39
24.49
23.74
23.21
22.85
22.55
22.26
24.36
26.71
28.46
30.03
29.81
30.26
32.61
33.63
33.72
31.54
28.92
26.47
25.17
24.71
24.98
25.29
25.14

